764 406
69 497
629 650
658 217
553 521
927 175
364 814
333 471
754 711
148 921
455 877
870 745
92 899
301 362
408 781
318 503
814 611
228 415
344 298
636 572
215 309
792 335
525 151
306 819
294 958
194 339
98 917
133 311
457 981
667 837
274 151
84 363
711 25
31 323
85 830
404 568
238 707
603 3
827 90
288 639
278 751
970 757
36 900
835 851
908 82
452 524
491 590
333 397
615 16
132 775
203 604
731 849
329 904
644 691
942 653
676 56
6 697
369 485
593 437
587 740
544 337
528 533
418 882
991 431
30 319
968 612
261 949
745 147
759 21
319 271
580 221
345 819
433 622
83 145
609 269
741 355
850 79
944 589
152 384
969 921
283 868
243 299
399 270
402 321
326 623
102 637
986 145
973 528
153 242
413 240
631 220
980 831
907 168
279 745
606 720
555 14
577 376
18 375
124 324
558 499
73 35
800 842
621 718
353 215
299 721
911 921
19 957
441 742
918 303
504 662
533 672
473 262
573 666
969 473
214 766
470 943
739 932
898 691
72 647
985 540
736 442
476 579
7 937
755 19
80 314
563 731
285 88
569 348
919 482
275 890
689 521
116 646
473 864
943 380
352 764
939 747
770 687
289 328
52 913
324 290
711 194
675 226
111 885
580 679
464 404
828 803
809 932
624 523
952 680
966 356
552 661
841 189
684 633
912 573
401 879
523 857
545 863
680 541
238 859
173 105
356 774
758 332
643 442
416 167
907 888
452 595
767 194
635 124
71 301
817 468
991 655
324 148
13 538
887 419
864 345
991 25
339 86
155 613
812 654
386 847
635 220
204 503
913 575
313 960
828 212
454 310
51 471
218 841
397 198
107 89
620 335
713 177
174 51
639 289
71 771
624 295
880 831
41 537
959 111
219 762
57 744
15 791
354 865
912 118
53 256
35 100
340 487
761 89
862 420
391 75
952 271
90 422
545 249
93 793
401 403
821 313
90 843
399 618
531 529
227 911
778 507
206 671
747 568
64 616
648 520
72 835
203 135
24 801
875 162
127 591
732 249
407 186
461 214
650 791
200 463
970 444
236 599
259 290
698 621
810 353
928 260
803 627
784 330
480 39
423 817
758 858
986 262
326 89
863 330
797 517
181 911
786 389
259 624
725 17
45 704
467 742
940 529
859 621
563 851
479 727
732 842
402 340
237 505
94 128
575 722
688 182
256 256
905 458
105 710
316 625
660 344
588 300
552 113
815 752
681 55
869 410
153 766
30 619
249 820
782 869
955 896
198 43
570 606
148 451
868 83
627 221
420 115
217 876
459 584
119 326
855 692
246 352
254 154
170 554
627 843
211 446
483 646
113 924
325 209
674 229
306 16
551 752
942 567
689 888
316 35
661 456
156 234
201 545
824 870
442 767
131 742
385 206
241 754
89 985
256 284
845 617
814 769
685 850
142 506
143 52
208 220
622 831
841 258
943 197
93 185
233 470
839 164
27 58
505 7
80 504
586 784
514 909
774 957
716 576
601 939
651 869
28 23
593 606
830 421
299 889
697 774
7 535
670 193
625 519
500 263
177 618
160 633
557 511
584 586
389 417
875 721
659 634
396 299
496 203
494 285
947 673
703 883
358 599
802 575
198 240
412 618
566 368
488 165
743 549
924 355
334 934
244 156
139 569
551 270
79 597
104 966
865 591
787 971
609 411
452 921
673 185
205 923
625 543
476 415
223 252
889 926
614 769
848 630
700 475
455 994
727 255
814 330
45 143
571 876
491 788
41 365
905 180
927 165
246 147
381 509
897 597
593 225
771 843
764 968
696 330
154 412
426 382
990 3
290 926
900 408
932 523
477 866
14 199
637 958
777 762
194 474
521 703
897 954
660 652
488 877
899 223
799 584
247 152
381 120
97 101
448 487
36 815
35 211
288 994
291 734
80 663
288 196
153 200
913 818
842 31
999 821
649 638
192 602
623 469
753 337
564 627
422 110
858 249
128 847
424 825
942 632
149 807
258 576
13 896
528 826
190 170
694 887
873 610
704 477
693 665
809 641
659 189
278 575
383 999
321 263
754 740
720 146
836 890
922 625
149 748
429 943
399 831
905 545
757 572
198 608
516 281
540 282
235 845
541 246
924 828
659 852
44 508
627 533
169 149
31 376
689 237
832 456
285 352
446 359
619 895
41 286
56 856
726 284
945 882
797 922
68 507
369 333
658 63
171 755
739 369
345 305
418 411
126 287
594 441
291 290
182 165
101 921
387 265
793 478
271 291
229 293
928 6
459 607
684 815
347 990
395 156
752 547
745 814
107 883
963 967
385 705
62 39
726 597
763 90
100 244
55 288
778 436
451 352
954 19
602 725
346 82
931 134
876 854
223 775
898 755
777 419
582 230
334 496
674 926
40 279
269 29
670 805
836 684
152 117
896 602
766 101
766 84
550 934
6 106
637 11
724 305
62 495
906 583
712 122
719 98
504 23
912 622
110 206
323 394
377 958
143 494
630 173
776 616
177 110
477 656
190 616
936 105
809 538
563 601
380 965
669 732
966 367
321 737
860 148
742 21
114 64
706 893
339 536
28 905
211 426
958 999
635 537
350 45
392 743
639 758
342 243
107 290
76 140
207 882
509 549
657 688
809 417
172 314
666 262
215 760
301 529
944 345
174 53
305 421
82 32
465 988
486 789
419 207
13 167
24 374
932 568
100 246
743 461
733 280
397 950
921 777
513 785
656 887
589 966
287 686
4 157
617 343
271 55
582 649
659 68
373 308
572 701
30 709
353 243
63 496
137 334
991 76
485 797
636 71
774 387
418 125
256 560
631 272
713 265
792 576
146 670
73 111
820 581
899 649
230 883
145 724
424 670
804 700
28 284
930 21
119 587
366 632
710 996
427 253
486 35
522 764
755 793
685 620
763 532
157 853
376 536
280 439
368 692
233 760
489 225
977 940
124 752
483 254
23 268
48 566
879 408
633 365
135 837
347 314
301 516
883 466
273 756
89 229
622 308
941 422
815 766
115 810
969 807
206 32
143 854
409 145
728 456
904 568
349 775
286 875
279 388
81 823
443 168
475 220
651 45
837 911
699 375
936 779
928 258
65 102
517 48
846 43
77 705
885 675
180 761
743 829
99 676
223 288
358 710
336 503
412 553
824 352
282 920
252 21
958 613
696 876
761 290
971 166
761 359
349 153
640 511
472 839
823 302
255 432
30 380
852 651
683 385
988 590
608 251
992 768
